 ________________________________________________
/HELLO                                           |
|]]                                              |
|  ]]]                                           |
|                                                |
|111111111111111111111111111111111111111111111111|
|222222222222222222222222222222222222222222222222|
|33]]33333333333333333333333333333333333333333333|
|444444444444444444444444444444444444444444444444|
|5]5555555555555555555555555555555555555555555555|
|6666]6666666666666666666666666666666666666666666|
|777777777777777777777777777777777777777777777777|
|]88888888888888888888888888888888888888888888888|
|999999999999999999999999999999999999999999999999|
|________________________________________________|
