 ________________________________________________
/WORLD                                           |
|    ]                                           |
| ]]]                                            |
|]                                               |
|111111111111111111111111111111111111111111111111|
|222222222222222222222222222222222222222222222222|
|333]33333333333333333333333333333333333333333333|
|4444]4444444444444444444444444444444444444444444|
|555555555555555555555555555555555555555555555555|
|]]6666666666666666666666666666666666666666666666|
|777777777777777777777777777777777777777777777777|
|888888888888888888888888888888888888888888888888|
|99]999999999999999999999999999999999999999999999|
|________________________________________________|
