 ________________________________________________
/THE                                             |
| ]]                                             |
|                                                |
|]                                               |
|111111111111111111111111111111111111111111111111|
|222222222222222222222222222222222222222222222222|
|]33333333333333333333333333333333333333333333333|
|444444444444444444444444444444444444444444444444|
|55]555555555555555555555555555555555555555555555|
|666666666666666666666666666666666666666666666666|
|777777777777777777777777777777777777777777777777|
|8]8888888888888888888888888888888888888888888888|
|999999999999999999999999999999999999999999999999|
|________________________________________________|
 ________________________________________________
/QUICK                                           |
|  ]]                                            |
|]   ]                                           |
| ]                                              |
|111111111111111111111111111111111111111111111111|
|2222]2222222222222222222222222222222222222222222|
|333]33333333333333333333333333333333333333333333|
|4]4444444444444444444444444444444444444444444444|
|555555555555555555555555555555555555555555555555|
|666666666666666666666666666666666666666666666666|
|777777777777777777777777777777777777777777777777|
|]88888888888888888888888888888888888888888888888|
|99]999999999999999999999999999999999999999999999|
|________________________________________________|
 ________________________________________________
/BROWN                                           |
|]                                               |
| ]] ]                                           |
|   ]                                            |
|111111111111111111111111111111111111111111111111|
|]22222222222222222222222222222222222222222222222|
|333333333333333333333333333333333333333333333333|
|444444444444444444444444444444444444444444444444|
|5555]5555555555555555555555555555555555555555555|
|66]]66666666666666666666666666666666666666666666|
|777777777777777777777777777777777777777777777777|
|888888888888888888888888888888888888888888888888|
|9]9999999999999999999999999999999999999999999999|
|________________________________________________|
 ________________________________________________
/FOX                                             |
|]                                               |
| ]                                              |
|  ]                                             |
|111111111111111111111111111111111111111111111111|
|222222222222222222222222222222222222222222222222|
|333333333333333333333333333333333333333333333333|
|444444444444444444444444444444444444444444444444|
|555555555555555555555555555555555555555555555555|
|]]6666666666666666666666666666666666666666666666|
|77]777777777777777777777777777777777777777777777|
|888888888888888888888888888888888888888888888888|
|999999999999999999999999999999999999999999999999|
|________________________________________________|
 ________________________________________________
/JUMPS                                           |
|                                                |
|] ]]                                            |
| ]  ]                                           |
|]11111111111111111111111111111111111111111111111|
|2222]2222222222222222222222222222222222222222222|
|333333333333333333333333333333333333333333333333|
|4]]444444444444444444444444444444444444444444444|
|555555555555555555555555555555555555555555555555|
|666666666666666666666666666666666666666666666666|
|777]77777777777777777777777777777777777777777777|
|888888888888888888888888888888888888888888888888|
|999999999999999999999999999999999999999999999999|
|________________________________________________|
 ________________________________________________
/OVER                                            |
|  ]                                             |
|]  ]                                            |
| ]                                              |
|111111111111111111111111111111111111111111111111|
|222222222222222222222222222222222222222222222222|
|333333333333333333333333333333333333333333333333|
|444444444444444444444444444444444444444444444444|
|5]]555555555555555555555555555555555555555555555|
|]66666666666666666666666666666666666666666666666|
|777777777777777777777777777777777777777777777777|
|888888888888888888888888888888888888888888888888|
|999]99999999999999999999999999999999999999999999|
|________________________________________________|
 ________________________________________________
/THE                                             |
| ]]                                             |
|                                                |
|]                                               |
|111111111111111111111111111111111111111111111111|
|222222222222222222222222222222222222222222222222|
|]33333333333333333333333333333333333333333333333|
|444444444444444444444444444444444444444444444444|
|55]555555555555555555555555555555555555555555555|
|666666666666666666666666666666666666666666666666|
|777777777777777777777777777777777777777777777777|
|8]8888888888888888888888888888888888888888888888|
|999999999999999999999999999999999999999999999999|
|________________________________________________|
 ________________________________________________
/LAZY                                            |
| ]                                              |
|]                                               |
|  ]]                                            |
|1]1111111111111111111111111111111111111111111111|
|222222222222222222222222222222222222222222222222|
|]33333333333333333333333333333333333333333333333|
|444444444444444444444444444444444444444444444444|
|555555555555555555555555555555555555555555555555|
|666666666666666666666666666666666666666666666666|
|777777777777777777777777777777777777777777777777|
|888]88888888888888888888888888888888888888888888|
|99]999999999999999999999999999999999999999999999|
|________________________________________________|
 ________________________________________________
/DOG                                             |
|] ]                                             |
| ]                                              |
|                                                |
|111111111111111111111111111111111111111111111111|
|222222222222222222222222222222222222222222222222|
|333333333333333333333333333333333333333333333333|
|]44444444444444444444444444444444444444444444444|
|555555555555555555555555555555555555555555555555|
|6]6666666666666666666666666666666666666666666666|
|77]777777777777777777777777777777777777777777777|
|888888888888888888888888888888888888888888888888|
|999999999999999999999999999999999999999999999999|
|________________________________________________|
